Start load COLLEGE graph
Finish load COLLEGE graph
Total time 0.385625589 sec
Graph COLLEGE is correct

Total test time for COLLEGE 136.919271 sec
Result size 138648

#10 longest in time
(1 : 33)	3	[1, 32, 33]	51148606
(220 : 614)	4	[220, 400, 445, 614]	34834890
(227 : 1678)	5	[227, 144, 105, 1624, 1678]	29452639
(1381 : 1568)	4	[1381, 1033, 1585, 1568]	20795492
(342 : 931)	4	[342, 260, 103, 931]	19917302
(347 : 438)	5	[347, 191, 540, 754, 438]	18975519
(347 : 444)	5	[347, 191, 429, 400, 444]	14816267
(220 : 711)	3	[220, 32, 711]	14272280
(1381 : 1614)	0	[]	13563401
(344 : 1557)	4	[344, 42, 144, 1557]	11321188

#10 longest path
Max = 8
(1712 : 672)	8	[1712, 1572, 1429, 1281, 32, 349, 655, 672]	2770456
(295 : 1802)	8	[295, 296, 63, 290, 44, 1800, 1801, 1802]	2506821
(1712 : 1663)	8	[1712, 1572, 1429, 1281, 950, 42, 1621, 1663]	2414013
(258 : 764)	8	[258, 76, 399, 375, 283, 1502, 1269, 764]	2407549
(1091 : 1802)	8	[1091, 876, 212, 249, 44, 1800, 1801, 1802]	2306246
(247 : 1612)	8	[247, 248, 283, 72, 966, 852, 1611, 1612]	2200580
(979 : 1802)	8	[979, 978, 41, 3, 44, 1800, 1801, 1802]	2044699
(258 : 672)	8	[258, 76, 399, 375, 32, 349, 655, 672]	1883588
(1419 : 1802)	8	[1419, 356, 1281, 1598, 44, 1800, 1801, 1802]	1802575
(258 : 1677)	8	[258, 76, 399, 396, 254, 598, 1290, 1677]	1642668

#10 middle path
Mid = 4.0
(453 : 121)	4	[453, 32, 9, 121]	3388166
(835 : 1856)	4	[835, 308, 32, 1856]	2019116
(357 : 455)	4	[357, 638, 323, 455]	1900829
(991 : 1062)	4	[991, 194, 353, 1062]	1891417
(809 : 1626)	4	[809, 281, 1624, 1626]	1844357
(1621 : 212)	4	[1621, 42, 339, 212]	1339028
(573 : 510)	4	[573, 242, 454, 510]	1263637
(1288 : 1084)	4	[1288, 42, 194, 1084]	951026
(1396 : 175)	4	[1396, 938, 67, 175]	944527
(666 : 550)	4	[666, 713, 321, 550]	763709

#10 no path
Min = 0
(768 : 1658)	0	[]	2053934
(661 : 8)	0	[]	3286
(1309 : 47)	0	[]	2671
(1544 : 587)	0	[]	1312
(1525 : 543)	0	[]	1291
(136 : 556)	0	[]	1227
(1880 : 1751)	0	[]	1219
(1084 : 1631)	0	[]	1170
(1024 : 1841)	0	[]	1165
(693 : 900)	0	[]	1161

End for COLLEGE
Start load GNUTELLA graph
Finish load GNUTELLA graph
Total time 0.064912045 sec
Graph GNUTELLA is correct

Total test time for GNUTELLA 132.911679 sec
Result size 77731

#10 longest in time
(540 : 7808)	11	[540, 47, 2035, 4941, 6550, 7470, 8005, 7100, 6030, 7168, 7808]	71862268
(71 : 636)	8	[71, 1922, 4814, 5705, 3358, 1489, 618, 636]	64176737
(6191 : 3827)	11	[6191, 4703, 4151, 284, 3625, 2889, 275, 1107, 521, 522, 3827]	53523415
(659 : 5507)	14	[659, 1614, 276, 3615, 2604, 5230, 5866, 7056, 8383, 8502, 8610, 8699, 3113, 5507]	48100372
(1158 : 3947)	9	[1158, 2393, 218, 3563, 4379, 7305, 3442, 659, 3947]	43526119
(82 : 605)	7	[82, 2440, 225, 274, 2326, 4645, 605]	41231681
(1158 : 2209)	7	[1158, 2393, 218, 3563, 1958, 693, 2209]	36411541
(1850 : 3689)	6	[1850, 386, 207, 3544, 376, 3689]	21621113
(540 : 7319)	10	[540, 226, 887, 890, 4127, 1350, 1351, 4439, 6258, 7319]	20904189
(3956 : 7984)	8	[3956, 1622, 4674, 6210, 4771, 6478, 7444, 7984]	20897446

#10 longest path
Max = 19
(8579 : 8794)	18	[8579, 8678, 3607, 1158, 2393, 5084, 5454, 6842, 7613, 8077, 8335, 8469, 8585, 8686, 8641, 8709, 8760, 8794]	10962378
(4314 : 8817)	18	[4314, 166, 172, 2957, 3065, 7355, 7148, 6710, 7558, 7981, 8285, 8440, 8556, 8666, 8735, 8775, 8800, 8817]	9172776
(1331 : 8844)	18	[1331, 4418, 2722, 4915, 5664, 5053, 3194, 7981, 8285, 8440, 8556, 8666, 8735, 8773, 8804, 8820, 8830, 8844]	8285392
(3489 : 8841)	19	[3489, 673, 675, 3264, 3093, 2022, 6379, 7392, 7955, 8268, 8430, 8478, 8589, 8688, 8749, 8786, 8815, 8831, 8841]	7731064
(2219 : 2442)	18	[2219, 687, 85, 3392, 5664, 5053, 3194, 7981, 8285, 8440, 8556, 8666, 8735, 8773, 8804, 8820, 8830, 2442]	7249975
(3862 : 8819)	18	[3862, 5926, 2112, 890, 4127, 2585, 5203, 6710, 7558, 7981, 8285, 8440, 8556, 8666, 8735, 8775, 8800, 8819]	7240706
(1319 : 8829)	18	[1319, 2043, 1020, 4207, 6125, 4771, 6477, 3194, 7981, 8285, 8440, 8556, 8666, 8735, 8775, 8800, 8817, 8829]	7098740
(5976 : 8844)	18	[5976, 2165, 2170, 2210, 3513, 5731, 3194, 7981, 8285, 8440, 8556, 8666, 8735, 8773, 8804, 8820, 8830, 8844]	6825065
(7205 : 8844)	18	[7205, 7520, 8021, 8308, 7822, 6653, 3194, 7981, 8285, 8440, 8556, 8666, 8735, 8773, 8804, 8820, 8830, 8844]	6632408
(4978 : 2442)	19	[4978, 4940, 101, 1592, 206, 3513, 5731, 3194, 7981, 8285, 8440, 8556, 8666, 8735, 8773, 8804, 8820, 8830, 2442]	6366156

#10 middle path
Mid = 9.5
(6119 : 1857)	9	[6119, 3711, 5849, 7034, 6653, 3893, 1062, 1068, 1857]	6709844
(6651 : 7375)	9	[6651, 1777, 1587, 693, 1624, 2170, 4950, 6319, 7375]	6680423
(5406 : 8322)	10	[5406, 221, 4454, 4863, 5068, 6036, 6672, 7581, 8046, 8322]	6523399
(3787 : 8146)	10	[3787, 4566, 5405, 6538, 6165, 6994, 2558, 7066, 7748, 8146]	6310590
(2050 : 4623)	9	[2050, 1124, 277, 2678, 4696, 3913, 5956, 1620, 4623]	5846621
(1251 : 5716)	9	[1251, 1777, 1587, 222, 3551, 4113, 5402, 3496, 5716]	5695530
(6260 : 3822)	10	[6260, 1226, 292, 3312, 1020, 4207, 6125, 1005, 524, 3822]	5421030
(7858 : 7801)	9	[7858, 7140, 3249, 4518, 3051, 5490, 6863, 2575, 7801]	5053765
(4851 : 1016)	9	[4851, 6286, 2698, 5291, 2164, 4689, 6438, 1432, 1016]	4097747
(1525 : 544)	9	[1525, 76, 3422, 5085, 3567, 2340, 47, 1198, 544]	2950672

#10 no path
Min = 0
(3560 : 1555)	0	[]	3273
(8309 : 927)	0	[]	2825
(3402 : 6992)	0	[]	2347
(4141 : 6430)	0	[]	2314
(6593 : 3519)	0	[]	2125
(1122 : 6672)	0	[]	1963
(6037 : 4518)	0	[]	1873
(1736 : 6996)	0	[]	1541
(3466 : 8845)	0	[]	1288
(3433 : 6462)	0	[]	1273

End for GNUTELLA
Start load FACEBOOK graph
Finish load FACEBOOK graph
Total time 0.077295518 sec
Graph FACEBOOK is correct

Total test time for FACEBOOK 215.678726 sec
Result size 465990

#10 longest in time
(350 : 3310)	6	[350, 484, 1029, 1171, 1684, 3310]	31113873
(350 : 1930)	4	[350, 563, 1912, 1930]	30179221
(350 : 3181)	6	[350, 484, 1029, 1171, 1684, 3181]	25721181
(350 : 167)	0	[]	25135232
(1922 : 2382)	0	[]	25032918
(458 : 2044)	5	[458, 469, 563, 1912, 2044]	22522822
(1943 : 3692)	0	[]	16943151
(3 : 1251)	9	[3, 9, 119, 163, 173, 549, 563, 1136, 1251]	15249991
(456 : 1195)	5	[456, 484, 1029, 1175, 1195]	14881246
(360 : 226)	0	[]	14426982

#10 longest path
Max = 14
(693 : 1526)	13	[693, 697, 698, 862, 1085, 1165, 1182, 1191, 1222, 1245, 1281, 1429, 1526]	2459261
(697 : 1514)	14	[697, 698, 862, 1085, 1098, 1140, 1173, 1222, 1245, 1282, 1303, 1427, 1446, 1514]	2206665
(1103 : 3024)	13	[1103, 1215, 1273, 1282, 1303, 1427, 1435, 1539, 1559, 1561, 1656, 1684, 3024]	1389836
(1103 : 3064)	13	[1103, 1215, 1273, 1282, 1303, 1427, 1435, 1539, 1559, 1561, 1656, 1684, 3064]	1304106
(1103 : 3056)	13	[1103, 1215, 1273, 1282, 1303, 1427, 1435, 1539, 1559, 1561, 1656, 1684, 3056]	1298490
(1103 : 3303)	13	[1103, 1215, 1273, 1282, 1303, 1427, 1435, 1539, 1559, 1561, 1656, 1684, 3303]	1283355
(1103 : 3016)	13	[1103, 1215, 1273, 1282, 1303, 1427, 1435, 1539, 1559, 1561, 1656, 1684, 3016]	1275817
(1103 : 3066)	13	[1103, 1215, 1273, 1282, 1303, 1427, 1435, 1539, 1559, 1561, 1656, 1684, 3066]	1266479
(1103 : 3018)	13	[1103, 1215, 1273, 1282, 1303, 1427, 1435, 1539, 1559, 1561, 1656, 1684, 3018]	1262256
(1103 : 3359)	13	[1103, 1215, 1273, 1282, 1303, 1427, 1435, 1539, 1559, 1561, 1656, 1684, 3359]	1222188

#10 middle path
Mid = 7.0
(506 : 3389)	7	[506, 507, 526, 1049, 1534, 1684, 3389]	4446728
(381 : 2970)	7	[381, 419, 526, 1329, 1405, 1684, 2970]	3789538
(506 : 3388)	7	[506, 507, 526, 1049, 1534, 1684, 3388]	3515733
(495 : 2951)	7	[495, 507, 526, 1329, 1405, 1684, 2951]	3425246
(513 : 2816)	7	[513, 517, 526, 1074, 1171, 1684, 2816]	3083907
(919 : 1943)	7	[919, 1032, 1086, 1312, 1718, 1912, 1943]	2301995
(924 : 2688)	7	[924, 1070, 1110, 1327, 1656, 1684, 2688]	2247985
(971 : 2248)	7	[971, 1032, 1086, 1289, 1577, 2047, 2248]	2045472
(1037 : 3105)	7	[1037, 1070, 1110, 1327, 1656, 1684, 3105]	1470608
(1325 : 2599)	7	[1325, 1360, 1561, 1702, 1718, 1912, 2599]	1019157

#10 no path
Min = 0
(1592 : 1599)	0	[]	41234
(576 : 3055)	0	[]	18405
(86 : 2676)	0	[]	13171
(1863 : 3121)	0	[]	3033
(2732 : 1124)	0	[]	1367
(2573 : 2409)	0	[]	1304
(2648 : 855)	0	[]	1240
(2644 : 1592)	0	[]	1231
(2933 : 493)	0	[]	1206
(2799 : 702)	0	[]	1157

End for FACEBOOK
